.,A,R,N,D,C,Q,E,G,H,I,L,K,M,F,P,S,T,W,Y,V
A,0.0,0.5209302325581395,0.5162790697674419,0.586046511627907,0.9069767441860465,0.4232558139534884,0.49767441860465117,0.27906976744186046,0.4,0.4372093023255814,0.44651162790697674,0.4930232558139535,0.39069767441860465,0.5255813953488372,0.12558139534883722,0.4604651162790698,0.26976744186046514,0.6883720930232559,0.5209302325581395,0.29767441860465116
R,0.5209302325581395,0.0,0.4,0.44651162790697674,0.8372093023255814,0.2,0.25116279069767444,0.5813953488372093,0.13488372093023257,0.4511627906976744,0.4744186046511628,0.12093023255813953,0.4232558139534884,0.4511627906976744,0.4790697674418605,0.5116279069767442,0.3302325581395349,0.4697674418604651,0.3581395348837209,0.44651162790697674
N,0.5162790697674419,0.4,0.0,0.10697674418604651,0.6465116279069767,0.21395348837209302,0.19534883720930232,0.37209302325581395,0.31627906976744186,0.6930232558139535,0.7116279069767442,0.4372093023255814,0.6604651162790698,0.7348837209302326,0.4232558139534884,0.21395348837209302,0.3023255813953488,0.8093023255813954,0.6651162790697674,0.6186046511627907
D,0.586046511627907,0.44651162790697674,0.10697674418604651,0.0,0.7162790697674418,0.2837209302325581,0.20930232558139536,0.4372093023255814,0.3767441860465116,0.7813953488372093,0.8,0.4697674418604651,0.7441860465116279,0.8232558139534883,0.5023255813953489,0.3023255813953488,0.3953488372093023,0.8418604651162791,0.7441860465116279,0.7069767441860465
C,0.9069767441860465,0.8372093023255814,0.6465116279069767,0.7162790697674418,0.0,0.7162790697674418,0.7906976744186046,0.7395348837209302,0.8093023255813954,0.9209302325581395,0.9209302325581395,0.9395348837209302,0.9116279069767442,0.9534883720930233,0.786046511627907,0.5209302325581395,0.6930232558139535,1.0,0.9023255813953488,0.8930232558139535
Q,0.4232558139534884,0.2,0.21395348837209302,0.2837209302325581,0.7162790697674418,0.0,0.13488372093023257,0.4046511627906977,0.11162790697674418,0.5069767441860465,0.5255813953488372,0.24651162790697675,0.4697674418604651,0.5395348837209303,0.35348837209302325,0.31627906976744186,0.19534883720930232,0.6046511627906976,0.4604651162790698,0.44651162790697674
E,0.49767441860465117,0.25116279069767444,0.19534883720930232,0.20930232558139536,0.7906976744186046,0.13488372093023257,0.0,0.4558139534883721,0.18604651162790697,0.6232558139534884,0.641860465116279,0.26046511627906976,0.586046511627907,0.6511627906976745,0.4325581395348837,0.37209302325581395,0.3023255813953488,0.7069767441860465,0.5674418604651162,0.5627906976744186
G,0.27906976744186046,0.5813953488372093,0.37209302325581395,0.4372093023255814,0.7395348837209302,0.4046511627906977,0.4558139534883721,0.0,0.4558139534883721,0.627906976744186,0.641860465116279,0.5906976744186047,0.5906976744186047,0.7116279069767442,0.19534883720930232,0.26046511627906976,0.2744186046511628,0.8558139534883721,0.6837209302325581,0.5069767441860465
H,0.4,0.13488372093023257,0.31627906976744186,0.3767441860465116,0.8093023255813954,0.11162790697674418,0.18604651162790697,0.4558139534883721,0.0,0.4372093023255814,0.4604651162790698,0.14883720930232558,0.4046511627906977,0.46511627906976744,0.3581395348837209,0.413953488372093,0.2186046511627907,0.5348837209302325,0.386046511627907,0.39069767441860465
I,0.4372093023255814,0.4511627906976744,0.6930232558139535,0.7813953488372093,0.9209302325581395,0.5069767441860465,0.6232558139534884,0.627906976744186,0.4372093023255814,0.0,0.023255813953488372,0.4744186046511628,0.046511627906976744,0.09767441860465116,0.4418604651162791,0.6604651162790698,0.413953488372093,0.2837209302325581,0.15348837209302327,0.13488372093023257
L,0.44651162790697674,0.4744186046511628,0.7116279069767442,0.8,0.9209302325581395,0.5255813953488372,0.641860465116279,0.641860465116279,0.4604651162790698,0.023255813953488372,0.0,0.49767441860465117,0.06976744186046512,0.10232558139534884,0.4558139534883721,0.6744186046511628,0.42790697674418604,0.2837209302325581,0.16744186046511628,0.14883720930232558
K,0.4930232558139535,0.12093023255813953,0.4372093023255814,0.4697674418604651,0.9395348837209302,0.24651162790697675,0.26046511627906976,0.5906976744186047,0.14883720930232558,0.4744186046511628,0.49767441860465117,0.0,0.4418604651162791,0.4744186046511628,0.4790697674418605,0.5627906976744186,0.3627906976744186,0.5116279069767442,0.3953488372093023,0.4511627906976744
M,0.39069767441860465,0.4232558139534884,0.6604651162790698,0.7441860465116279,0.9116279069767442,0.4697674418604651,0.586046511627907,0.5906976744186047,0.4046511627906977,0.046511627906976744,0.06976744186046512,0.4418604651162791,0.0,0.13023255813953488,0.4046511627906977,0.627906976744186,0.3767441860465116,0.3116279069767442,0.16744186046511628,0.09767441860465116
F,0.5255813953488372,0.4511627906976744,0.7348837209302326,0.8232558139534883,0.9534883720930233,0.5395348837209303,0.6511627906976745,0.7116279069767442,0.46511627906976744,0.09767441860465116,0.10232558139534884,0.4744186046511628,0.13023255813953488,0.0,0.5302325581395348,0.7209302325581395,0.4790697674418605,0.18604651162790697,0.10232558139534884,0.23255813953488372
P,0.12558139534883722,0.4790697674418605,0.4232558139534884,0.5023255813953489,0.786046511627907,0.35348837209302325,0.4325581395348837,0.19534883720930232,0.3581395348837209,0.4418604651162791,0.4558139534883721,0.4790697674418605,0.4046511627906977,0.5302325581395348,0.0,0.34418604651162793,0.17674418604651163,0.6837209302325581,0.5116279069767442,0.31627906976744186
S,0.4604651162790698,0.5116279069767442,0.21395348837209302,0.3023255813953488,0.5209302325581395,0.31627906976744186,0.37209302325581395,0.26046511627906976,0.413953488372093,0.6604651162790698,0.6744186046511628,0.5627906976744186,0.627906976744186,0.7209302325581395,0.34418604651162793,0.0,0.26976744186046514,0.8232558139534883,0.6697674418604651,0.5767441860465117
T,0.26976744186046514,0.3302325581395349,0.3023255813953488,0.3953488372093023,0.6930232558139535,0.19534883720930232,0.3023255813953488,0.2744186046511628,0.2186046511627907,0.413953488372093,0.42790697674418604,0.3627906976744186,0.3767441860465116,0.4790697674418605,0.17674418604651163,0.26976744186046514,0.0,0.5953488372093023,0.42790697674418604,0.3209302325581395
W,0.6883720930232559,0.4697674418604651,0.8093023255813954,0.8418604651162791,1.0,0.6046511627906976,0.7069767441860465,0.8558139534883721,0.5348837209302325,0.2837209302325581,0.2837209302325581,0.5116279069767442,0.3116279069767442,0.18604651162790697,0.6837209302325581,0.8232558139534883,0.5953488372093023,0.0,0.17209302325581396,0.40930232558139534
Y,0.5209302325581395,0.3581395348837209,0.6651162790697674,0.7441860465116279,0.9023255813953488,0.4604651162790698,0.5674418604651162,0.6837209302325581,0.386046511627907,0.15348837209302327,0.16744186046511628,0.3953488372093023,0.16744186046511628,0.10232558139534884,0.5116279069767442,0.6697674418604651,0.42790697674418604,0.17209302325581396,0.0,0.2558139534883721
V,0.29767441860465116,0.44651162790697674,0.6186046511627907,0.7069767441860465,0.8930232558139535,0.44651162790697674,0.5627906976744186,0.5069767441860465,0.39069767441860465,0.13488372093023257,0.14883720930232558,0.4511627906976744,0.09767441860465116,0.23255813953488372,0.31627906976744186,0.5767441860465117,0.3209302325581395,0.40930232558139534,0.2558139534883721,0.0
