,A,C,D,E,F,G,H,I,K,L,M,N,P,Q,R,S,T,V,W,Y,B,Z,X,*
A,1.0,0.2651650429449553,0.22360679774997896,0.23570226039551587,0.1889822365046136,0.47140452079103173,0.20412414523193154,0.3061862178478973,0.11180339887498948,0.21320071635561041,0.29417420270727607,0.22360679774997896,0.375,0.22360679774997896,0.11180339887498948,0.5,0.5892556509887896,0.5590169943749475,0.0,0.09128709291752768,0.2672612419124244,0.2886751345948129,0.6123724356957946,0.0
C,0.2651650429449553,1.0,0.07905694150420949,0.0,0.33407655239053047,0.25,0.2886751345948129,0.21650635094610968,0.07905694150420949,0.22613350843332272,0.1386750490563073,0.23717082451262844,0.08838834764831843,0.07905694150420949,0.23717082451262844,0.35355339059327373,0.16666666666666666,0.31622776601683794,0.3535533905932738,0.45184805705753195,0.1889822365046136,0.0,0.5773502691896258,0.0
D,0.22360679774997896,0.07905694150420949,1.0,0.6324555320336759,0.0,0.31622776601683794,0.18257418583505536,0.0,0.1,0.0,0.0,0.4,0.0,0.2,0.0,0.22360679774997896,0.10540925533894598,0.1,0.0,0.16329931618554522,0.8366600265340756,0.5163977794943222,0.3651483716701107,0.0
E,0.23570226039551587,0.0,0.6324555320336759,1.0,0.0,0.2222222222222222,0.19245008972987526,0.09622504486493763,0.31622776601683794,0.0,0.09245003270420485,0.21081851067789195,0.11785113019775793,0.31622776601683794,0.10540925533894598,0.11785113019775793,0.2222222222222222,0.21081851067789195,0.0,0.0,0.5039526306789696,0.816496580927726,0.3849001794597505,0.0
F,0.1889822365046136,0.33407655239053047,0.0,0.0,1.0,0.0,0.3086066999241838,0.38575837490522974,0.0,0.48349377841522817,0.3706246583305506,0.08451542547285165,0.0944911182523068,0.08451542547285165,0.08451542547285165,0.1889822365046136,0.1781741612749496,0.3380617018914066,0.3779644730092272,0.6210590034081188,0.0,0.0,0.4629100498862757,0.0
G,0.47140452079103173,0.25,0.31622776601683794,0.2222222222222222,0.0,1.0,0.19245008972987526,0.09622504486493763,0.10540925533894598,0.10050378152592121,0.09245003270420485,0.31622776601683794,0.11785113019775793,0.21081851067789195,0.21081851067789195,0.3535533905932738,0.2222222222222222,0.31622776601683794,0.15713484026367722,0.08606629658238704,0.3779644730092272,0.2721655269759087,0.3849001794597505,0.0
H,0.20412414523193154,0.2886751345948129,0.18257418583505536,0.19245008972987526,0.3086066999241838,0.19245008972987526,1.0,0.16666666666666666,0.18257418583505536,0.26111648393354675,0.16012815380508713,0.45643546458763845,0.3061862178478973,0.5477225575051661,0.3651483716701107,0.20412414523193154,0.19245008972987526,0.09128709291752768,0.13608276348795434,0.4472135954999579,0.4364357804719848,0.47140452079103173,0.5,0.0
I,0.3061862178478973,0.21650635094610968,0.0,0.09622504486493763,0.38575837490522974,0.09622504486493763,0.16666666666666666,1.0,0.09128709291752768,0.5222329678670935,0.560448538317805,0.27386127875258304,0.10206207261596577,0.18257418583505536,0.09128709291752768,0.20412414523193154,0.3849001794597505,0.6390096504226938,0.06804138174397717,0.22360679774997896,0.2182178902359924,0.23570226039551587,0.5,0.0
K,0.11180339887498948,0.07905694150420949,0.1,0.31622776601683794,0.0,0.10540925533894598,0.18257418583505536,0.09128709291752768,1.0,0.09534625892455924,0.17541160386140586,0.3,0.11180339887498948,0.4,0.6,0.11180339887498948,0.21081851067789195,0.1,0.0,0.0,0.23904572186687872,0.5163977794943222,0.3651483716701107,0.0
L,0.21320071635561041,0.22613350843332272,0.0,0.0,0.48349377841522817,0.10050378152592121,0.26111648393354675,0.5222329678670935,0.09534625892455924,1.0,0.5017452060042544,0.09534625892455924,0.31980107453341566,0.28603877677367767,0.19069251784911848,0.21320071635561041,0.20100756305184242,0.4767312946227962,0.21320071635561044,0.23354968324845687,0.0,0.24618298195866545,0.5222329678670935,0.0
M,0.29417420270727607,0.1386750490563073,0.0,0.09245003270420485,0.3706246583305506,0.09245003270420485,0.16012815380508713,0.560448538317805,0.17541160386140586,0.5017452060042544,1.0,0.08770580193070293,0.09805806756909202,0.2631174057921088,0.17541160386140586,0.09805806756909202,0.3698001308168194,0.5262348115842176,0.13074409009212268,0.1432229748078866,0.0,0.22645540682891913,0.48038446141526137,0.0
N,0.22360679774997896,0.23717082451262844,0.4,0.21081851067789195,0.08451542547285165,0.31622776601683794,0.45643546458763845,0.27386127875258304,0.3,0.09534625892455924,0.08770580193070293,1.0,0.11180339887498948,0.3,0.2,0.4472135954999579,0.4216370213557839,0.2,0.0,0.24494897427831783,0.8366600265340756,0.2581988897471611,0.5477225575051661,0.0
P,0.375,0.08838834764831843,0.0,0.11785113019775793,0.0944911182523068,0.11785113019775793,0.3061862178478973,0.10206207261596577,0.11180339887498948,0.31980107453341566,0.09805806756909202,0.11180339887498948,1.0,0.33541019662496846,0.11180339887498948,0.375,0.3535533905932738,0.22360679774997896,0.0,0.09128709291752768,0.0,0.2886751345948129,0.4082482904638631,0.0
Q,0.22360679774997896,0.07905694150420949,0.2,0.31622776601683794,0.08451542547285165,0.21081851067789195,0.5477225575051661,0.18257418583505536,0.4,0.28603877677367767,0.2631174057921088,0.3,0.33541019662496846,1.0,0.4,0.22360679774997896,0.21081851067789195,0.2,0.14907119849998599,0.16329931618554522,0.23904572186687872,0.7745966692414834,0.5477225575051661,0.0
R,0.11180339887498948,0.23717082451262844,0.0,0.10540925533894598,0.08451542547285165,0.21081851067789195,0.3651483716701107,0.09128709291752768,0.6,0.19069251784911848,0.17541160386140586,0.2,0.11180339887498948,0.4,1.0,0.22360679774997896,0.10540925533894598,0.1,0.29814239699997197,0.16329931618554522,0.11952286093343936,0.2581988897471611,0.3651483716701107,0.0
S,0.5,0.35355339059327373,0.22360679774997896,0.11785113019775793,0.1889822365046136,0.3535533905932738,0.20412414523193154,0.20412414523193154,0.11180339887498948,0.21320071635561041,0.09805806756909202,0.4472135954999579,0.375,0.22360679774997896,0.22360679774997896,1.0,0.47140452079103173,0.22360679774997896,0.08333333333333333,0.18257418583505536,0.4008918628686366,0.2886751345948129,0.6123724356957946,0.0
T,0.5892556509887896,0.16666666666666666,0.10540925533894598,0.2222222222222222,0.1781741612749496,0.2222222222222222,0.19245008972987526,0.3849001794597505,0.21081851067789195,0.20100756305184242,0.3698001308168194,0.4216370213557839,0.3535533905932738,0.21081851067789195,0.10540925533894598,0.47140452079103173,1.0,0.4216370213557839,0.07856742013183861,0.08606629658238704,0.2519763153394848,0.2721655269759087,0.5773502691896257,0.0
V,0.5590169943749475,0.31622776601683794,0.1,0.21081851067789195,0.3380617018914066,0.31622776601683794,0.09128709291752768,0.6390096504226938,0.1,0.4767312946227962,0.5262348115842176,0.2,0.22360679774997896,0.2,0.1,0.22360679774997896,0.4216370213557839,1.0,0.14907119849998599,0.24494897427831783,0.23904572186687872,0.2581988897471611,0.5477225575051661,0.0
W,0.0,0.3535533905932738,0.0,0.0,0.3779644730092272,0.15713484026367722,0.13608276348795434,0.06804138174397717,0.0,0.21320071635561044,0.13074409009212268,0.0,0.0,0.14907119849998599,0.29814239699997197,0.08333333333333333,0.07856742013183861,0.14907119849998599,1.0,0.36514837167011077,0.0,0.09622504486493763,0.408248290463863,0.0
Y,0.09128709291752768,0.45184805705753195,0.16329931618554522,0.0,0.6210590034081188,0.08606629658238704,0.4472135954999579,0.22360679774997896,0.0,0.23354968324845687,0.1432229748078866,0.24494897427831783,0.09128709291752768,0.16329931618554522,0.16329931618554522,0.18257418583505536,0.08606629658238704,0.24494897427831783,0.36514837167011077,1.0,0.19518001458970666,0.10540925533894598,0.4472135954999579,0.0
B,0.2672612419124244,0.1889822365046136,0.8366600265340756,0.5039526306789696,0.0,0.3779644730092272,0.4364357804719848,0.2182178902359924,0.23904572186687872,0.0,0.0,0.8366600265340756,0.0,0.23904572186687872,0.11952286093343936,0.4008918628686366,0.2519763153394848,0.23904572186687872,0.0,0.19518001458970666,1.0,1.0801234497346432,0.8728715609439696,0.0
Z,0.2886751345948129,0.0,0.5163977794943222,0.816496580927726,0.0,0.2721655269759087,0.47140452079103173,0.23570226039551587,0.5163977794943222,0.24618298195866545,0.22645540682891913,0.2581988897471611,0.2886751345948129,0.7745966692414834,0.2581988897471611,0.2886751345948129,0.2721655269759087,0.2581988897471611,0.09622504486493763,0.10540925533894598,1.0801234497346432,1.0,0.9428090415820635,0.0
X,0.6123724356957946,0.5773502691896258,0.3651483716701107,0.3849001794597505,0.4629100498862757,0.3849001794597505,0.5,0.5,0.3651483716701107,0.5222329678670935,0.48038446141526137,0.5477225575051661,0.4082482904638631,0.5477225575051661,0.3651483716701107,0.6123724356957946,0.5773502691896257,0.5477225575051661,0.408248290463863,0.4472135954999579,0.8728715609439696,0.9428090415820635,1.0,0.0
*,0.0,0.0,0.0,0.0,0.0,0.0,0.0,0.0,0.0,0.0,0.0,0.0,0.0,0.0,0.0,0.0,0.0,0.0,0.0,0.0,0.0,0.0,0.0,1.0
