.,A,R,N,D,C,Q,E,G,H,I,L,K,M,F,P,S,T,W,Y,V
A,1.0,0.4790697674418605,0.4837209302325581,0.413953488372093,0.0930232558139535,0.5767441860465117,0.5023255813953489,0.7209302325581395,0.6,0.5627906976744186,0.5534883720930233,0.5069767441860464,0.6093023255813954,0.4744186046511628,0.8744186046511628,0.5395348837209302,0.7302325581395348,0.3116279069767441,0.4790697674418605,0.7023255813953488
R,0.4790697674418605,1.0,0.6,0.5534883720930233,0.1627906976744185,0.8,0.7488372093023256,0.4186046511627906,0.8651162790697674,0.5488372093023256,0.5255813953488372,0.8790697674418605,0.5767441860465117,0.5488372093023256,0.5209302325581395,0.4883720930232558,0.6697674418604651,0.5302325581395348,0.6418604651162791,0.5534883720930233
N,0.4837209302325581,0.6,1.0,0.8930232558139535,0.3534883720930233,0.786046511627907,0.8046511627906977,0.627906976744186,0.6837209302325582,0.3069767441860465,0.2883720930232558,0.5627906976744186,0.3395348837209302,0.2651162790697674,0.5767441860465117,0.786046511627907,0.6976744186046512,0.1906976744186046,0.3348837209302325,0.3813953488372092
D,0.413953488372093,0.5534883720930233,0.8930232558139535,1.0,0.2837209302325582,0.7162790697674419,0.7906976744186046,0.5627906976744186,0.6232558139534884,0.2186046511627907,0.1999999999999999,0.5302325581395348,0.2558139534883721,0.1767441860465116,0.4976744186046511,0.6976744186046512,0.6046511627906976,0.1581395348837209,0.2558139534883721,0.2930232558139535
C,0.0930232558139535,0.1627906976744185,0.3534883720930233,0.2837209302325582,1.0,0.2837209302325582,0.2093023255813954,0.2604651162790697,0.1906976744186046,0.0790697674418604,0.0790697674418604,0.0604651162790698,0.0883720930232557,0.0465116279069767,0.213953488372093,0.4790697674418605,0.3069767441860465,0.0,0.0976744186046512,0.1069767441860465
Q,0.5767441860465117,0.8,0.786046511627907,0.7162790697674419,0.2837209302325582,1.0,0.8651162790697674,0.5953488372093023,0.8883720930232558,0.4930232558139534,0.4744186046511628,0.7534883720930232,0.5302325581395348,0.4604651162790697,0.6465116279069767,0.6837209302325582,0.8046511627906977,0.3953488372093023,0.5395348837209302,0.5534883720930233
E,0.5023255813953489,0.7488372093023256,0.8046511627906977,0.7906976744186046,0.2093023255813954,0.8651162790697674,1.0,0.5441860465116279,0.813953488372093,0.3767441860465116,0.3581395348837209,0.7395348837209302,0.413953488372093,0.3488372093023255,0.5674418604651164,0.627906976744186,0.6976744186046512,0.2930232558139535,0.4325581395348837,0.4372093023255814
G,0.7209302325581395,0.4186046511627906,0.627906976744186,0.5627906976744186,0.2604651162790697,0.5953488372093023,0.5441860465116279,1.0,0.5441860465116279,0.3720930232558139,0.3581395348837209,0.4093023255813953,0.4093023255813953,0.2883720930232558,0.8046511627906977,0.7395348837209302,0.7255813953488373,0.1441860465116279,0.3162790697674419,0.4930232558139534
H,0.6,0.8651162790697674,0.6837209302325582,0.6232558139534884,0.1906976744186046,0.8883720930232558,0.813953488372093,0.5441860465116279,1.0,0.5627906976744186,0.5395348837209302,0.8511627906976744,0.5953488372093023,0.5348837209302326,0.6418604651162791,0.586046511627907,0.7813953488372093,0.4651162790697675,0.613953488372093,0.6093023255813954
I,0.5627906976744186,0.5488372093023256,0.3069767441860465,0.2186046511627907,0.0790697674418604,0.4930232558139534,0.3767441860465116,0.3720930232558139,0.5627906976744186,1.0,0.9767441860465116,0.5255813953488372,0.9534883720930232,0.9023255813953488,0.5581395348837209,0.3395348837209302,0.586046511627907,0.7162790697674419,0.8465116279069768,0.8651162790697674
L,0.5534883720930233,0.5255813953488372,0.2883720930232558,0.1999999999999999,0.0790697674418604,0.4744186046511628,0.3581395348837209,0.3581395348837209,0.5395348837209302,0.9767441860465116,1.0,0.5023255813953489,0.9302325581395348,0.8976744186046511,0.5441860465116279,0.3255813953488372,0.5720930232558139,0.7162790697674419,0.8325581395348838,0.8511627906976744
K,0.5069767441860464,0.8790697674418605,0.5627906976744186,0.5302325581395348,0.0604651162790698,0.7534883720930232,0.7395348837209302,0.4093023255813953,0.8511627906976744,0.5255813953488372,0.5023255813953489,1.0,0.5581395348837209,0.5255813953488372,0.5209302325581395,0.4372093023255814,0.6372093023255814,0.4883720930232558,0.6046511627906976,0.5488372093023256
M,0.6093023255813954,0.5767441860465117,0.3395348837209302,0.2558139534883721,0.0883720930232557,0.5302325581395348,0.413953488372093,0.4093023255813953,0.5953488372093023,0.9534883720930232,0.9302325581395348,0.5581395348837209,1.0,0.8697674418604651,0.5953488372093023,0.3720930232558139,0.6232558139534884,0.6883720930232557,0.8325581395348838,0.9023255813953488
F,0.4744186046511628,0.5488372093023256,0.2651162790697674,0.1767441860465116,0.0465116279069767,0.4604651162790697,0.3488372093023255,0.2883720930232558,0.5348837209302326,0.9023255813953488,0.8976744186046511,0.5255813953488372,0.8697674418604651,1.0,0.4697674418604651,0.2790697674418605,0.5209302325581395,0.813953488372093,0.8976744186046511,0.7674418604651163
P,0.8744186046511628,0.5209302325581395,0.5767441860465117,0.4976744186046511,0.213953488372093,0.6465116279069767,0.5674418604651164,0.8046511627906977,0.6418604651162791,0.5581395348837209,0.5441860465116279,0.5209302325581395,0.5953488372093023,0.4697674418604651,1.0,0.655813953488372,0.8232558139534883,0.3162790697674419,0.4883720930232558,0.6837209302325582
S,0.5395348837209302,0.4883720930232558,0.786046511627907,0.6976744186046512,0.4790697674418605,0.6837209302325582,0.627906976744186,0.7395348837209302,0.586046511627907,0.3395348837209302,0.3255813953488372,0.4372093023255814,0.3720930232558139,0.2790697674418605,0.655813953488372,1.0,0.7302325581395348,0.1767441860465116,0.3302325581395349,0.4232558139534883
T,0.7302325581395348,0.6697674418604651,0.6976744186046512,0.6046511627906976,0.3069767441860465,0.8046511627906977,0.6976744186046512,0.7255813953488373,0.7813953488372093,0.586046511627907,0.5720930232558139,0.6372093023255814,0.6232558139534884,0.5209302325581395,0.8232558139534883,0.7302325581395348,1.0,0.4046511627906977,0.5720930232558139,0.6790697674418604
W,0.3116279069767441,0.5302325581395348,0.1906976744186046,0.1581395348837209,0.0,0.3953488372093023,0.2930232558139535,0.1441860465116279,0.4651162790697675,0.7162790697674419,0.7162790697674419,0.4883720930232558,0.6883720930232557,0.813953488372093,0.3162790697674419,0.1767441860465116,0.4046511627906977,1.0,0.827906976744186,0.5906976744186047
Y,0.4790697674418605,0.6418604651162791,0.3348837209302325,0.2558139534883721,0.0976744186046512,0.5395348837209302,0.4325581395348837,0.3162790697674419,0.613953488372093,0.8465116279069768,0.8325581395348838,0.6046511627906976,0.8325581395348838,0.8976744186046511,0.4883720930232558,0.3302325581395349,0.5720930232558139,0.827906976744186,1.0,0.7441860465116279
V,0.7023255813953488,0.5534883720930233,0.3813953488372092,0.2930232558139535,0.1069767441860465,0.5534883720930233,0.4372093023255814,0.4930232558139534,0.6093023255813954,0.8651162790697674,0.8511627906976744,0.5488372093023256,0.9023255813953488,0.7674418604651163,0.6837209302325582,0.4232558139534883,0.6790697674418604,0.5906976744186047,0.7441860465116279,1.0
