,A,C,D,E,F,G,H,I,K,L,M,N,P,Q,R,S,T,V,W,Y,B,Z,X,*
A,1.0,0.3922322702763681,0.22360679774997896,0.3535533905932738,0.22360679774997896,0.4472135954999579,0.20412414523193154,0.375,0.3535533905932738,0.375,0.3535533905932738,0.22360679774997896,0.31980107453341566,0.3535533905932738,0.3535533905932738,0.625,0.47140452079103173,0.5,0.09128709291752768,0.21320071635561041,0.25,0.375,0.8164965809277261,0.0
C,0.3922322702763681,1.0,0.08770580193070293,0.0,0.17541160386140586,0.08770580193070293,0.08006407690254357,0.29417420270727607,0.09245003270420485,0.29417420270727607,0.2773500981126145,0.08770580193070293,0.08362420100070908,0.09245003270420485,0.09245003270420485,0.29417420270727607,0.2773500981126145,0.29417420270727607,0.1432229748078866,0.16724840200141816,0.09805806756909202,0.09805806756909202,0.32025630761017426,0.0
D,0.22360679774997896,0.08770580193070293,1.0,0.6324555320336759,0.1,0.3,0.27386127875258304,0.11180339887498948,0.31622776601683794,0.0,0.10540925533894598,0.5,0.28603877677367767,0.4216370213557839,0.21081851067789195,0.4472135954999579,0.31622776601683794,0.11180339887498948,0.0,0.09534625892455924,0.8944271909999159,0.5590169943749475,0.5477225575051661,0.0
E,0.3535533905932738,0.0,0.6324555320336759,1.0,0.10540925533894598,0.21081851067789195,0.3849001794597505,0.11785113019775793,0.5555555555555556,0.11785113019775793,0.2222222222222222,0.4216370213557839,0.30151134457776363,0.6666666666666666,0.4444444444444444,0.47140452079103173,0.3333333333333333,0.23570226039551587,0.08606629658238704,0.20100756305184242,0.5892556509887896,0.9428090415820635,0.5773502691896257,0.0
F,0.22360679774997896,0.17541160386140586,0.1,0.10540925533894598,1.0,0.1,0.27386127875258304,0.4472135954999579,0.10540925533894598,0.4472135954999579,0.4216370213557839,0.1,0.0,0.10540925533894598,0.10540925533894598,0.22360679774997896,0.21081851067789195,0.33541019662496846,0.408248290463863,0.6674238124719146,0.11180339887498948,0.11180339887498948,0.5477225575051661,0.0
G,0.4472135954999579,0.08770580193070293,0.3,0.21081851067789195,0.1,1.0,0.18257418583505536,0.0,0.21081851067789195,0.0,0.10540925533894598,0.4,0.19069251784911848,0.21081851067789195,0.21081851067789195,0.4472135954999579,0.21081851067789195,0.11180339887498948,0.16329931618554522,0.09534625892455924,0.33541019662496846,0.22360679774997896,0.5477225575051661,0.0
H,0.20412414523193154,0.08006407690254357,0.27386127875258304,0.3849001794597505,0.27386127875258304,0.18257418583505536,1.0,0.10206207261596577,0.28867513459481287,0.10206207261596577,0.19245008972987526,0.45643546458763845,0.17407765595569785,0.3849001794597505,0.3849001794597505,0.3061862178478973,0.19245008972987526,0.10206207261596577,0.14907119849998599,0.5222329678670935,0.4082482904638631,0.4082482904638631,0.5,0.0
I,0.375,0.29417420270727607,0.11180339887498948,0.11785113019775793,0.4472135954999579,0.0,0.10206207261596577,1.0,0.11785113019775793,0.75,0.5892556509887896,0.11180339887498948,0.10660035817780521,0.11785113019775793,0.11785113019775793,0.25,0.3535533905932738,0.875,0.09128709291752768,0.31980107453341566,0.125,0.125,0.6123724356957946,0.0
K,0.3535533905932738,0.09245003270420485,0.31622776601683794,0.5555555555555556,0.10540925533894598,0.21081851067789195,0.28867513459481287,0.11785113019775793,1.0,0.23570226039551587,0.3333333333333333,0.4216370213557839,0.30151134457776363,0.5555555555555556,0.6666666666666666,0.47140452079103173,0.3333333333333333,0.23570226039551587,0.08606629658238704,0.20100756305184242,0.47140452079103173,0.5892556509887896,0.5773502691896257,0.0
L,0.375,0.29417420270727607,0.0,0.11785113019775793,0.4472135954999579,0.0,0.10206207261596577,0.75,0.23570226039551587,1.0,0.7071067811865476,0.11180339887498948,0.10660035817780521,0.23570226039551587,0.23570226039551587,0.25,0.3535533905932738,0.625,0.18257418583505536,0.31980107453341566,0.0,0.125,0.6123724356957946,0.0
M,0.3535533905932738,0.2773500981126145,0.10540925533894598,0.2222222222222222,0.4216370213557839,0.10540925533894598,0.19245008972987526,0.5892556509887896,0.3333333333333333,0.7071067811865476,1.0,0.21081851067789195,0.20100756305184242,0.4444444444444444,0.3333333333333333,0.3535533905932738,0.3333333333333333,0.5892556509887896,0.25819888974716115,0.30151134457776363,0.11785113019775793,0.3535533905932738,0.5773502691896257,0.0
N,0.22360679774997896,0.08770580193070293,0.5,0.4216370213557839,0.1,0.4,0.45643546458763845,0.11180339887498948,0.4216370213557839,0.11180339887498948,0.21081851067789195,1.0,0.19069251784911848,0.4216370213557839,0.4216370213557839,0.5590169943749475,0.4216370213557839,0.11180339887498948,0.0,0.19069251784911848,0.7826237921249264,0.4472135954999579,0.5477225575051661,0.0
P,0.31980107453341566,0.08362420100070908,0.28603877677367767,0.30151134457776363,0.0,0.19069251784911848,0.17407765595569785,0.10660035817780521,0.30151134457776363,0.10660035817780521,0.20100756305184242,0.19069251784911848,1.0,0.30151134457776363,0.20100756305184242,0.31980107453341566,0.30151134457776363,0.21320071635561041,0.0,0.09090909090909091,0.21320071635561041,0.31980107453341566,0.3481553119113957,0.0
Q,0.3535533905932738,0.09245003270420485,0.4216370213557839,0.6666666666666666,0.10540925533894598,0.21081851067789195,0.3849001794597505,0.11785113019775793,0.5555555555555556,0.23570226039551587,0.4444444444444444,0.4216370213557839,0.30151134457776363,1.0,0.5555555555555556,0.47140452079103173,0.3333333333333333,0.23570226039551587,0.17213259316477408,0.30151134457776363,0.47140452079103173,0.8249579113843055,0.5773502691896257,0.0
R,0.3535533905932738,0.09245003270420485,0.21081851067789195,0.4444444444444444,0.10540925533894598,0.21081851067789195,0.3849001794597505,0.11785113019775793,0.6666666666666666,0.23570226039551587,0.3333333333333333,0.4216370213557839,0.20100756305184242,0.5555555555555556,1.0,0.3535533905932738,0.3333333333333333,0.11785113019775793,0.08606629658238704,0.20100756305184242,0.3535533905932738,0.47140452079103173,0.5773502691896257,0.0
S,0.625,0.29417420270727607,0.4472135954999579,0.47140452079103173,0.22360679774997896,0.4472135954999579,0.3061862178478973,0.25,0.47140452079103173,0.25,0.3535533905932738,0.5590169943749475,0.31980107453341566,0.47140452079103173,0.3535533905932738,1.0,0.5892556509887896,0.25,0.09128709291752768,0.21320071635561041,0.5,0.5,0.8164965809277261,0.0
T,0.47140452079103173,0.2773500981126145,0.31622776601683794,0.3333333333333333,0.21081851067789195,0.21081851067789195,0.19245008972987526,0.3535533905932738,0.3333333333333333,0.3535533905932738,0.3333333333333333,0.4216370213557839,0.30151134457776363,0.3333333333333333,0.3333333333333333,0.5892556509887896,1.0,0.47140452079103173,0.17213259316477408,0.20100756305184242,0.3535533905932738,0.3535533905932738,0.769800358919501,0.0
V,0.5,0.29417420270727607,0.11180339887498948,0.23570226039551587,0.33541019662496846,0.11180339887498948,0.10206207261596577,0.875,0.23570226039551587,0.625,0.5892556509887896,0.11180339887498948,0.21320071635561041,0.23570226039551587,0.11785113019775793,0.25,0.47140452079103173,1.0,0.09128709291752768,0.31980107453341566,0.125,0.25,0.6123724356957946,0.0
W,0.09128709291752768,0.1432229748078866,0.0,0.08606629658238704,0.408248290463863,0.16329931618554522,0.14907119849998599,0.09128709291752768,0.08606629658238704,0.18257418583505536,0.25819888974716115,0.0,0.0,0.17213259316477408,0.08606629658238704,0.09128709291752768,0.17213259316477408,0.09128709291752768,1.0,0.46709936649691375,0.0,0.09128709291752768,0.29814239699997197,0.0
Y,0.21320071635561041,0.16724840200141816,0.09534625892455924,0.20100756305184242,0.6674238124719146,0.09534625892455924,0.5222329678670935,0.31980107453341566,0.20100756305184242,0.31980107453341566,0.30151134457776363,0.19069251784911848,0.09090909090909091,0.30151134457776363,0.20100756305184242,0.21320071635561041,0.20100756305184242,0.31980107453341566,0.46709936649691375,1.0,0.10660035817780521,0.21320071635561041,0.5222329678670935,0.0
B,0.25,0.09805806756909202,0.8944271909999159,0.5892556509887896,0.11180339887498948,0.33541019662496846,0.4082482904638631,0.125,0.47140452079103173,0.0,0.11785113019775793,0.7826237921249264,0.21320071635561041,0.47140452079103173,0.3535533905932738,0.5,0.3535533905932738,0.125,0.0,0.10660035817780521,1.0,0.625,0.6123724356957946,0.0
Z,0.375,0.09805806756909202,0.5590169943749475,0.9428090415820635,0.11180339887498948,0.22360679774997896,0.4082482904638631,0.125,0.5892556509887896,0.125,0.3535533905932738,0.4472135954999579,0.31980107453341566,0.8249579113843055,0.47140452079103173,0.5,0.3535533905932738,0.25,0.09128709291752768,0.21320071635561041,0.625,1.0,0.6123724356957946,0.0
X,0.8164965809277261,0.32025630761017426,0.5477225575051661,0.5773502691896257,0.5477225575051661,0.5477225575051661,0.5,0.6123724356957946,0.5773502691896257,0.6123724356957946,0.5773502691896257,0.5477225575051661,0.3481553119113957,0.5773502691896257,0.5773502691896257,0.8164965809277261,0.769800358919501,0.6123724356957946,0.29814239699997197,0.5222329678670935,0.6123724356957946,0.6123724356957946,1.0,0.0
*,0.0,0.0,0.0,0.0,0.0,0.0,0.0,0.0,0.0,0.0,0.0,0.0,0.0,0.0,0.0,0.0,0.0,0.0,0.0,0.0,0.0,0.0,0.0,1.0
