,A,R,N,D,C,Q,E,G,H,I,L,K,M,F,P,S,T,W,Y,V,B,Z,X,*
A,1.0,0.4904761904761905,0.4952380952380952,0.4238095238095238,0.09523809523809526,0.5904761904761906,0.5142857142857143,0.738095238095238,0.6142857142857143,0.5761904761904761,0.5666666666666667,0.519047619047619,0.6238095238095239,0.48571428571428577,0.8952380952380953,0.5523809523809523,0.7476190476190475,0.31904761904761897,0.4904761904761905,0.719047619047619,,,,
R,0.4904761904761905,1.0,0.6142857142857143,0.5666666666666667,0.16666666666666657,0.8190476190476191,0.7666666666666667,0.4285714285714285,0.8857142857142857,0.5619047619047619,0.5380952380952381,0.9,0.5904761904761906,0.5619047619047619,0.5333333333333333,0.5,0.6857142857142857,0.5428571428571428,0.6571428571428573,0.5666666666666667,,,,
N,0.4952380952380952,0.6142857142857143,1.0,0.9142857142857143,0.36190476190476195,0.8047619047619048,0.8238095238095239,0.6428571428571429,0.7000000000000001,0.3142857142857143,0.29523809523809524,0.5761904761904761,0.3476190476190476,0.2714285714285714,0.5904761904761906,0.8047619047619048,0.7142857142857143,0.1952380952380952,0.3428571428571428,0.3904761904761904,,,,
D,0.4238095238095238,0.5666666666666667,0.9142857142857143,1.0,0.29047619047619055,0.7333333333333334,0.8095238095238095,0.5761904761904761,0.6380952380952382,0.22380952380952382,0.20476190476190467,0.5428571428571428,0.2619047619047619,0.18095238095238092,0.5095238095238095,0.7142857142857143,0.6190476190476191,0.16190476190476188,0.2619047619047619,0.30000000000000004,,,,
C,0.09523809523809526,0.16666666666666657,0.36190476190476195,0.29047619047619055,1.0,0.29047619047619055,0.21428571428571433,0.2666666666666666,0.1952380952380952,0.08095238095238089,0.08095238095238089,0.06190476190476194,0.09047619047619036,0.047619047619047575,0.21904761904761902,0.4904761904761905,0.3142857142857143,0.0,0.10000000000000005,0.10952380952380951,,,,
Q,0.5904761904761906,0.8190476190476191,0.8047619047619048,0.7333333333333334,0.29047619047619055,1.0,0.8857142857142857,0.6095238095238096,0.9095238095238095,0.5047619047619047,0.48571428571428577,0.7714285714285715,0.5428571428571428,0.4714285714285714,0.6619047619047619,0.7000000000000001,0.8238095238095239,0.40476190476190477,0.5523809523809523,0.5666666666666667,,,,
E,0.5142857142857143,0.7666666666666667,0.8238095238095239,0.8095238095238095,0.21428571428571433,0.8857142857142857,1.0,0.5571428571428572,0.8333333333333334,0.38571428571428573,0.36666666666666664,0.7571428571428572,0.4238095238095238,0.35714285714285704,0.5809523809523811,0.6428571428571429,0.7142857142857143,0.30000000000000004,0.44285714285714284,0.44761904761904764,,,,
G,0.738095238095238,0.4285714285714285,0.6428571428571429,0.5761904761904761,0.2666666666666666,0.6095238095238096,0.5571428571428572,1.0,0.5571428571428572,0.38095238095238093,0.36666666666666664,0.419047619047619,0.419047619047619,0.29523809523809524,0.8238095238095239,0.7571428571428572,0.7428571428571429,0.14761904761904762,0.3238095238095239,0.5047619047619047,,,,
H,0.6142857142857143,0.8857142857142857,0.7000000000000001,0.6380952380952382,0.1952380952380952,0.9095238095238095,0.8333333333333334,0.5571428571428572,1.0,0.5761904761904761,0.5523809523809523,0.8714285714285714,0.6095238095238096,0.5476190476190477,0.6571428571428573,0.6000000000000001,0.8,0.4761904761904763,0.6285714285714286,0.6238095238095239,,,,
I,0.5761904761904761,0.5619047619047619,0.3142857142857143,0.22380952380952382,0.08095238095238089,0.5047619047619047,0.38571428571428573,0.38095238095238093,0.5761904761904761,1.0,1.0,0.5380952380952381,0.9761904761904762,0.9238095238095239,0.5714285714285714,0.3476190476190476,0.6000000000000001,0.7333333333333334,0.8666666666666667,0.8857142857142857,,,,
L,0.5666666666666667,0.5380952380952381,0.29523809523809524,0.20476190476190467,0.08095238095238089,0.48571428571428577,0.36666666666666664,0.36666666666666664,0.5523809523809523,1.0,1.0,0.5142857142857143,0.9523809523809523,0.9190476190476191,0.5571428571428572,0.3333333333333333,0.5857142857142857,0.7333333333333334,0.8523809523809525,0.8714285714285714,,,,
K,0.519047619047619,0.9,0.5761904761904761,0.5428571428571428,0.06190476190476194,0.7714285714285715,0.7571428571428572,0.419047619047619,0.8714285714285714,0.5380952380952381,0.5142857142857143,1.0,0.5714285714285714,0.5380952380952381,0.5333333333333333,0.44761904761904764,0.6523809523809524,0.5,0.6190476190476191,0.5619047619047619,,,,
M,0.6238095238095239,0.5904761904761906,0.3476190476190476,0.2619047619047619,0.09047619047619036,0.5428571428571428,0.4238095238095238,0.419047619047619,0.6095238095238096,0.9761904761904762,0.9523809523809523,0.5714285714285714,1.0,0.8904761904761904,0.6095238095238096,0.38095238095238093,0.6380952380952382,0.7047619047619047,0.8523809523809525,0.9238095238095239,,,,
F,0.48571428571428577,0.5619047619047619,0.2714285714285714,0.18095238095238092,0.047619047619047575,0.4714285714285714,0.35714285714285704,0.29523809523809524,0.5476190476190477,0.9238095238095239,0.9190476190476191,0.5380952380952381,0.8904761904761904,1.0,0.48095238095238096,0.28571428571428575,0.5333333333333333,0.8333333333333334,0.9190476190476191,0.7857142857142858,,,,
P,0.8952380952380953,0.5333333333333333,0.5904761904761906,0.5095238095238095,0.21904761904761902,0.6619047619047619,0.5809523809523811,0.8238095238095239,0.6571428571428573,0.5714285714285714,0.5571428571428572,0.5333333333333333,0.6095238095238096,0.48095238095238096,1.0,0.6714285714285714,0.8428571428571429,0.3238095238095239,0.5,0.7000000000000001,,,,
S,0.5523809523809523,0.5,0.8047619047619048,0.7142857142857143,0.4904761904761905,0.7000000000000001,0.6428571428571429,0.7571428571428572,0.6000000000000001,0.3476190476190476,0.3333333333333333,0.44761904761904764,0.38095238095238093,0.28571428571428575,0.6714285714285714,1.0,0.7476190476190475,0.18095238095238092,0.3380952380952381,0.4333333333333333,,,,
T,0.7476190476190475,0.6857142857142857,0.7142857142857143,0.6190476190476191,0.3142857142857143,0.8238095238095239,0.7142857142857143,0.7428571428571429,0.8,0.6000000000000001,0.5857142857142857,0.6523809523809524,0.6380952380952382,0.5333333333333333,0.8428571428571429,0.7476190476190475,1.0,0.4142857142857143,0.5857142857142857,0.6952380952380952,,,,
W,0.31904761904761897,0.5428571428571428,0.1952380952380952,0.16190476190476188,0.0,0.40476190476190477,0.30000000000000004,0.14761904761904762,0.4761904761904763,0.7333333333333334,0.7333333333333334,0.5,0.7047619047619047,0.8333333333333334,0.3238095238095239,0.18095238095238092,0.4142857142857143,1.0,0.8476190476190476,0.6047619047619048,,,,
Y,0.4904761904761905,0.6571428571428573,0.3428571428571428,0.2619047619047619,0.10000000000000005,0.5523809523809523,0.44285714285714284,0.3238095238095239,0.6285714285714286,0.8666666666666667,0.8523809523809525,0.6190476190476191,0.8523809523809525,0.9190476190476191,0.5,0.3380952380952381,0.5857142857142857,0.8476190476190476,1.0,0.761904761904762,,,,
V,0.719047619047619,0.5666666666666667,0.3904761904761904,0.30000000000000004,0.10952380952380951,0.5666666666666667,0.44761904761904764,0.5047619047619047,0.6238095238095239,0.8857142857142857,0.8714285714285714,0.5619047619047619,0.9238095238095239,0.7857142857142858,0.7000000000000001,0.4333333333333333,0.6952380952380952,0.6047619047619048,0.761904761904762,1.0,,,,
B,,,,,,,,,,,,,,,,,,,,,1.0,,,
Z,,,,,,,,,,,,,,,,,,,,,,1.0,,
X,,,,,,,,,,,,,,,,,,,,,,,1.0,
*,,,,,,,,,,,,,,,,,,,,,,,,1.0
